57 
0.000000 654.037784 348.865297 716.738775 1203.945035 659.282457 227.280282 1356.165311 362.561494 231.308325 35.244745 124.839520 1168.582061 1368.791971 702.106643 127.611424 453.502050 213.803665 311.003576 1852.753338 1298.358091 300.339036 917.205597 913.130943 662.299684 792.912226 176.215448 861.246530 2411.328681 343.161149 729.569068 420.539330 751.613232 526.255631 1077.233958 496.946515 847.964303 463.723613 416.849911 2040.560989 1139.449818 100.335641 2528.988669 533.036416 542.626294 1826.612817 2580.071029 2480.718151 2183.355632 479.303169 767.306219 1096.298483 122.255068 859.391978 955.785000 349.762806 994.063332 
654.037784 0.000000 683.151776 165.693267 1545.402913 1092.457385 845.172493 1466.628122 718.913506 485.522173 688.269526 555.052371 848.265015 1414.244066 904.134868 738.771634 419.163847 621.808438 738.314663 2100.518811 850.194556 534.763340 413.101363 318.874999 673.411318 820.648701 747.411019 539.322287 2293.192074 411.066036 403.633893 839.042838 1118.260862 264.343068 501.470974 863.297952 1002.659327 689.978734 773.814863 1871.587233 1400.775171 652.416756 2695.256251 429.198778 562.765401 1906.894125 2570.641801 2697.986669 2423.701510 622.682204 667.609738 485.303284 675.350539 879.282486 793.356377 645.890766 926.689192 
348.865297 683.151776 0.000000 810.221215 1549.847711 413.130242 317.010081 1696.532843 704.865913 494.162511 364.938017 414.961573 1397.879593 1700.577342 1040.850641 466.106505 693.555591 546.324464 85.455141 2201.290762 1477.929991 596.467966 1053.525091 832.874983 959.112337 1104.067788 520.965162 1071.588068 2722.701892 575.504719 923.097708 769.404573 1099.659233 690.550514 1177.562190 191.107301 1184.966066 791.545761 95.839820 2336.366013 1488.242288 249.091797 2877.489915 340.164121 826.136038 2167.342669 2912.901729 2829.404501 2531.717993 788.806062 1043.212516 1006.194416 470.680512 1172.455657 1226.980276 39.247602 1293.155909 
716.738775 165.693267 810.221215 0.000000 1464.848136 1223.233342 927.783032 1340.599248 696.176204 511.628574 748.314576 602.052256 683.154628 1278.630807 820.813271 778.720160 371.891520 633.882378 855.323255 1990.019948 689.840756 527.937381 252.483881 421.782125 570.452203 705.761204 775.056123 380.450832 2132.220586 411.793326 257.611844 815.324716 1059.549563 217.916031 370.512067 996.840196 901.795327 639.022696 904.191323 1708.758688 1305.857007 736.641928 2565.291755 587.586323 482.514001 1769.583138 2417.963515 2576.759698 2308.692171 563.185715 539.662217 555.084378 709.992446 758.485946 644.962048 775.130327 787.404825 
1203.945035 1545.402913 1549.847711 1464.848136 0.000000 1752.980566 1295.433455 525.102975 885.314973 1158.362469 1185.082629 1177.528511 1249.880681 655.682473 644.312261 1083.775788 1127.624939 1041.233794 1497.104217 666.033646 1506.120809 1061.234817 1451.315718 1863.524094 899.268474 792.894199 1029.148063 1219.981590 1622.732634 1169.065266 1242.663177 790.517544 456.554247 1281.459850 1622.387882 1667.167712 580.939600 865.230334 1604.459001 1421.411818 210.650914 1301.678328 1368.683325 1685.928663 985.796804 841.523647 1604.128635 1291.831477 990.270486 924.611808 970.430227 2017.216608 1085.800752 767.573718 999.335514 1553.535287 851.327808 
659.282457 1092.457385 413.130242 1223.233342 1752.980566 0.000000 475.173602 1991.574460 1011.025465 864.715915 655.037592 766.637478 1796.764467 2016.835998 1347.957872 731.269846 1081.046187 872.591504 381.081398 2418.769584 1888.367902 953.800675 1466.372597 1204.907557 1319.835501 1452.150036 787.706283 1474.002726 3069.081720 962.055813 1328.078156 1037.620680 1335.257533 1097.730274 1589.740455 229.836860 1494.137295 1121.190028 319.295177 2699.672556 1735.361773 572.538050 3116.335455 706.224121 1195.093395 2457.946693 3222.677036 3044.432361 2742.399457 1138.227400 1418.704906 1364.991276 769.901696 1518.423649 1606.326633 448.261991 1652.872987 
227.280282 845.172493 317.010081 927.783032 1295.433455 475.173602 0.000000 1516.492338 543.472702 458.515282 207.416461 351.948695 1394.203696 1543.996699 875.987940 261.150919 680.716041 421.709402 237.005863 1958.459989 1525.411703 522.583453 1138.999913 1069.191316 875.158055 995.412511 315.538537 1088.502573 2602.805148 569.956501 956.327091 562.562272 864.807220 748.066513 1293.855848 376.281943 1021.710063 660.839539 331.697465 2243.572022 1264.388236 192.957023 2650.431626 619.340143 762.580366 1982.815779 2747.893218 2586.351072 2285.394060 689.936433 986.406828 1250.886602 311.243754 1059.480487 1174.549308 342.392264 1201.276193 
1356.165311 1466.628122 1696.532843 1340.599248 525.102975 1991.574460 1516.492338 0.000000 993.747147 1222.124203 1350.256948 1283.411488 899.019121 141.729066 655.682214 1263.103039 1096.383971 1150.243037 1667.141546 681.019689 1148.596015 1114.422441 1238.056766 1762.363325 803.764744 649.328182 1205.759998 1001.467507 1148.672741 1183.358757 1085.209653 953.954677 689.909964 1216.272320 1376.969812 1852.770058 512.599155 908.234186 1772.224478 901.690814 352.834312 1455.331136 1229.221889 1730.547136 934.503022 470.813846 1232.174142 1237.103308 979.134340 928.077220 801.497140 1883.448083 1235.402457 587.698262 727.774907 1687.990639 566.460688 
362.561494 718.913506 704.865913 696.176204 885.314973 1011.025465 543.472702 993.747147 0.000000 274.178563 358.737120 299.706315 918.246712 1007.790433 339.746697 282.321797 325.731759 161.489442 673.439250 1512.782477 1100.012444 187.377498 807.331043 1032.122295 359.357443 457.170799 229.627496 663.604215 2059.745357 309.271375 578.370305 120.419714 430.476143 479.560908 989.712038 859.469029 485.870063 127.358956 778.545674 1701.720744 793.058002 461.590853 2176.895288 800.670479 290.103800 1464.342238 2218.082562 2137.802039 1844.063236 187.982793 485.916824 1204.072567 243.053175 518.708827 665.018060 699.221251 665.827710 
231.308325 485.522173 494.162511 511.628574 1158.362469 864.715915 458.515282 1222.124203 274.178563 0.000000 255.441473 106.585987 941.318634 1214.860714 572.911809 267.649089 223.199472 139.120586 490.009008 1776.751470 1067.072280 107.715222 692.658606 783.176128 465.020213 610.814942 265.068153 630.368588 2228.539787 112.682938 498.557608 383.490576 704.521303 305.354049 859.167036 673.983858 710.343109 316.484961 582.378596 1844.252445 1056.155187 295.092903 2428.633513 529.502246 333.430436 1691.212964 2425.507197 2398.476604 2107.676569 298.080350 554.820056 961.616110 198.391336 679.391217 741.835839 477.660545 799.346764 
35.244745 688.269526 364.938017 748.314576 1185.082629 655.037592 207.416461 1350.256948 358.737120 255.441473 0.000000 150.638536 1186.854905 1366.511533 698.272233 102.319317 475.248165 219.074608 319.740370 1836.859910 1321.673196 315.273532 945.280061 948.375164 671.892826 798.300802 156.027644 882.963858 2414.065283 368.054299 753.832476 407.165119 734.988435 554.850446 1107.096364 503.004403 844.513722 466.176752 426.993932 2046.939861 1126.005335 116.900266 2516.117676 564.749336 556.066970 1820.179476 2576.613566 2465.169569 2167.088896 487.466701 780.363680 1131.541470 115.724326 863.994141 968.733190 369.164951 1001.529358 
124.839520 555.052371 414.961573 602.052256 1177.528511 766.637478 351.948695 1283.411488 299.706315 106.585987 150.638536 0.000000 1046.449798 1285.616407 628.192874 183.855223 329.434512 138.346256 398.766561 1811.948686 1173.537960 187.627774 794.712470 834.567264 554.525044 693.300783 200.496525 736.892560 2313.895113 218.357259 604.741264 387.677746 720.983000 404.589153 957.600342 585.489609 771.113761 376.691375 497.214941 1935.644838 1092.649247 194.163980 2475.980437 514.798021 428.507827 1754.058476 2497.950748 2437.401415 2143.229699 377.019856 652.541519 1016.349007 124.928202 761.154907 840.625697 404.618193 888.829174 
1168.582061 848.265015 1397.879593 683.154628 1249.880681 1796.764467 1394.203696 899.019121 918.246712 941.318634 1186.854905 1046.449798 0.000000 785.289774 753.967525 1158.130844 718.959502 981.962043 1415.924117 1577.920669 257.188827 872.601086 463.039864 1051.794245 563.456747 536.538210 1121.468809 328.492573 1461.041243 836.667627 479.687935 989.522317 1023.539197 712.209313 530.444695 1588.342612 712.797439 793.544833 1493.077921 1031.442851 1043.452615 1235.529604 2036.060118 1251.781355 640.523486 1227.764863 1782.079285 2089.237527 1859.581871 732.828327 433.676673 1115.780988 1093.018218 520.995187 280.474630 1370.319423 400.505265 
1368.791971 1414.244066 1700.577342 1278.630807 655.682473 2016.835998 1543.996699 141.729066 1007.790433 1214.860714 1366.511533 1285.616407 785.289774 0.000000 668.973120 1285.566153 1067.527981 1157.704097 1678.021607 795.045794 1028.780617 1108.162763 1154.215341 1699.218814 771.780759 615.587561 1229.288729 922.669845 1076.609241 1163.902874 1021.088685 984.511195 756.317745 1173.812617 1282.037547 1865.075690 522.712090 909.250700 1780.805310 791.496076 467.983708 1465.932928 1288.753537 1706.492952 907.424305 492.839762 1212.377337 1317.280351 1075.743130 916.925334 747.123071 1810.455993 1250.798948 548.681528 645.081882 1688.862410 491.690564 
702.106643 904.134868 1040.850641 820.813271 644.312261 1347.957872 875.987940 655.682214 339.746697 572.911809 698.272233 628.192874 753.967525 668.973120 0.000000 616.724863 490.781165 494.576650 1012.696503 1214.476432 985.353206 465.791433 828.693953 1221.065891 263.372814 217.430362 560.732108 613.622757 1729.725985 551.929072 607.683452 323.531233 277.420048 639.793300 1008.225587 1199.050936 146.330366 256.426939 1117.145581 1387.755868 499.972405 800.590354 1855.990279 1095.235503 342.115438 1126.492875 1878.368262 1830.466028 1543.709833 293.974656 363.580103 1372.951127 582.692702 246.316431 473.537099 1032.579428 400.782401 
127.611424 738.771634 466.106505 778.720160 1083.775788 731.269846 261.150919 1263.103039 282.321797 267.649089 102.319317 183.855223 1158.130844 1285.566153 616.724863 0.000000 466.913266 176.628812 416.419727 1737.331173 1310.182745 291.600874 955.766406 1015.942107 621.462336 735.823959 57.686042 868.009677 2341.826332 375.530500 749.780346 312.452698 635.441190 572.313319 1125.482298 595.659947 762.870629 401.164364 524.138522 1983.094242 1029.032040 219.124861 2419.189633 658.529531 518.489358 1731.746847 2492.559321 2365.815603 2067.224345 436.515789 738.386151 1198.295846 70.626711 799.176016 924.918194 471.323008 942.845873 
453.502050 419.163847 693.555591 371.891520 1127.624939 1081.046187 680.716041 1096.383971 325.731759 223.199472 475.248165 329.434512 718.959502 1067.527981 490.781165 466.913266 0.000000 296.079196 701.868524 1700.788467 846.972826 178.618646 496.345320 738.035502 295.750180 452.022019 445.503524 407.827584 2042.576767 119.118142 282.867884 443.904005 700.047099 159.847531 674.009991 880.560556 603.143157 272.508995 786.420131 1646.853854 990.560765 516.574980 2321.907913 639.127474 161.887931 1556.066810 2265.818507 2309.756320 2027.997947 203.572538 353.401189 899.918762 396.845389 518.993342 533.857767 670.796468 614.431756 
213.803665 621.808438 546.324464 633.882378 1041.233794 872.591504 421.709402 1150.243037 161.489442 139.120586 219.074608 138.346256 981.962043 1157.704097 494.576650 176.628812 296.079196 0.000000 520.366035 1673.642448 1134.617234 117.676815 790.882842 922.185263 453.631260 579.680512 149.428966 692.225895 2197.525250 222.093516 577.944762 254.017235 584.791513 418.937236 965.373186 707.553804 639.167139 250.194806 623.405822 1828.059108 954.308230 308.464492 2338.255347 646.456169 343.470761 1621.056872 2369.788239 2299.058474 2004.925809 268.692143 565.681519 1100.229477 111.793239 645.834726 753.399168 539.066084 782.454779 
311.003576 738.314663 85.455141 855.323255 1497.104217 381.081398 237.005863 1667.141546 673.439250 490.009008 319.740370 398.766561 1415.924117 1678.021607 1012.696503 416.419727 701.868524 520.366035 0.000000 2153.333450 1509.621812 585.735712 1092.569804 907.214540 952.366545 1091.976469 473.331143 1092.930479 2712.597487 582.750383 947.315874 726.722558 1051.665302 717.901647 1225.187851 187.338075 1158.290037 769.905046 107.731259 2333.282818 1445.088478 212.188789 2835.294610 420.868606 823.164181 2137.615272 2889.928411 2781.889100 2482.892422 775.714340 1044.655273 1082.873484 432.465162 1159.696571 1231.056491 119.824743 1286.961867 
1852.753338 2100.518811 2201.290762 1990.019948 666.033646 2418.769584 1958.459989 681.019689 1512.782477 1776.751470 1836.859910 1811.948686 1577.920669 795.045794 1214.476432 1737.331173 1700.788467 1673.642448 2153.333450 0.000000 1823.750391 1672.708416 1910.690423 2408.575895 1427.170317 1284.377523 1681.146727 1672.160133 1270.703790 1766.149217 1741.137200 1432.840932 1101.944383 1839.775538 2055.592566 2327.367414 1099.243631 1465.093075 2261.037209 1255.544359 720.642028 1952.200987 707.420452 2305.271306 1543.275189 520.039444 1086.456866 628.588197 331.284956 1508.389329 1453.377529 2541.752984 1731.887554 1232.798245 1403.659335 2201.892389 1240.703081 
1298.358091 850.194556 1477.929991 689.840756 1506.120809 1888.367902 1525.411703 1148.596015 1100.012444 1067.072280 1321.673196 1173.537960 257.188827 1028.780617 985.353206 1310.182745 846.972826 1134.617234 1509.621812 1823.750391 0.000000 1018.595286 437.610667 979.358376 765.048437 770.381896 1281.504824 442.453749 1576.829538 955.496007 569.499952 1186.415158 1260.397467 792.101229 406.586103 1668.459047 959.766748 982.420124 1573.654655 1141.346527 1300.299384 1350.891419 2249.904017 1277.285896 810.668535 1447.517236 1939.300348 2315.599528 2096.737893 912.158579 637.070421 1002.184903 1241.308700 764.902438 520.496434 1445.981624 655.275637 
300.339036 534.763340 596.467966 527.937381 1061.234817 953.800675 522.583453 1114.422441 187.377498 107.715222 315.273532 187.627774 872.601086 1108.162763 465.791433 291.600874 178.618646 117.676815 585.735712 1672.708416 1018.595286 0.000000 674.333967 845.681462 366.918737 507.786754 267.059706 576.527306 2127.760920 123.698847 460.276005 305.774771 611.096688 310.405726 850.260789 771.861228 602.644086 209.508982 682.124337 1748.054507 952.457618 381.307033 2321.749542 632.563073 242.474883 1583.604602 2319.398311 2293.214835 2003.373811 192.465575 467.143831 1019.094900 222.988097 576.066085 655.593318 582.004248 701.336854 
917.205597 413.101363 1053.525091 252.483881 1451.315718 1466.372597 1138.999913 1238.056766 807.331043 692.658606 945.280061 794.712470 463.039864 1154.215341 828.693953 955.766406 496.345320 790.882842 1092.569804 1910.690423 437.610667 674.333967 0.000000 588.954910 565.727592 659.080047 939.797699 238.994791 1924.073344 581.137907 232.539171 916.745257 1096.295700 391.129154 184.385011 1242.347019 870.587833 716.356945 1148.552012 1494.055155 1269.764902 953.637298 2439.904272 839.690973 535.160866 1633.149285 2236.355590 2470.312612 2217.099503 636.649189 480.992204 665.499777 885.145843 693.400428 510.814486 1019.782857 671.698072 
913.130943 318.874999 832.874983 421.782125 1863.524094 1204.907557 1069.191316 1762.363325 1032.122295 783.176128 948.375164 834.567264 1051.794245 1699.218814 1221.065891 1015.942107 738.035502 922.185263 907.214540 2408.575895 979.358376 845.681462 588.954910 0.000000 983.119955 1124.536784 1034.137308 787.013399 2512.763196 722.852940 678.468774 1151.416984 1436.859706 582.077928 574.965527 980.306178 1314.456573 1008.577380 906.685739 2081.820980 1715.463700 885.319052 2986.686502 500.589320 879.032902 2189.097288 2821.106634 2998.299212 2728.900157 941.532616 961.195711 183.225183 959.181703 1179.151281 1060.584491 793.714523 1207.583110 
662.299684 673.411318 959.112337 570.452203 899.268474 1319.835501 875.158055 803.764744 359.357443 465.020213 671.892826 554.525044 563.456747 771.780759 263.372814 621.462336 295.750180 453.631260 952.366545 1427.170317 765.048437 366.918737 565.727592 983.119955 0.000000 156.320126 576.975878 358.644662 1763.672624 396.409581 345.039667 426.395099 532.358735 414.992042 746.354988 1137.940491 331.726385 232.418534 1047.129998 1381.137137 735.407621 747.769479 2031.887437 934.772085 136.990174 1260.713145 1972.609848 2026.823394 1750.496091 185.328859 130.240004 1125.509499 564.080466 223.392679 306.006297 941.559811 334.643070 
792.912226 820.648701 1104.067788 705.761204 792.894199 1452.150036 995.412511 649.328182 457.170799 610.814942 798.300802 693.300783 536.538210 615.587561 217.430362 735.823959 452.022019 579.680512 1091.976469 1284.377523 770.381896 507.786754 659.080047 1124.536784 156.320126 0.000000 685.824234 427.440223 1620.621194 550.093720 461.436011 490.391613 490.039534 567.050736 829.727725 1278.787038 212.001214 334.697465 1189.775771 1248.788605 612.112796 883.488329 1878.307802 1090.905394 292.017868 1104.457147 1818.775452 1877.337985 1604.580013 316.281022 178.310213 1258.980914 685.645453 68.685422 256.113306 1088.466245 209.163157 
176.215448 747.411019 520.965162 775.056123 1029.148063 787.706283 315.538537 1205.759998 229.627496 265.068153 156.027644 200.496525 1121.468809 1229.288729 560.732108 57.686042 445.503524 149.428966 473.331143 1681.146727 1281.504824 267.059706 939.797699 1034.137308 576.975878 685.824234 0.000000 839.082468 2287.456839 365.236754 727.237778 254.780487 579.206656 563.390856 1113.175314 653.232983 706.696131 351.996107 580.998080 1931.346852 971.826559 272.539235 2362.024794 698.157482 480.957165 1674.233319 2435.560242 2309.544452 2011.250863 393.451444 697.068058 1215.387587 75.728260 748.135351 882.052504 524.607209 893.800349 
861.246530 539.322287 1071.588068 380.450832 1219.981590 1474.002726 1088.502573 1001.467507 663.604215 630.368588 882.963858 736.892560 328.492573 922.669845 613.622757 868.009677 407.827584 692.225895 1092.930479 1672.160133 442.453749 576.527306 238.994791 787.013399 358.644662 427.440223 839.082468 0.000000 1753.904494 520.964384 151.309253 758.121053 888.549668 383.828972 402.406485 1262.436121 639.366786 552.158515 1167.082457 1333.751367 1034.229541 920.325939 2210.927157 927.120394 373.639217 1407.262378 2038.545782 2236.083693 1980.015196 477.474783 252.704652 888.131741 799.439642 456.653499 277.682407 1043.247984 435.182153 
2411.328681 2293.192074 2722.701892 2132.220586 1622.732634 3069.081720 2602.805148 1148.672741 2059.745357 2228.539787 2414.065283 2313.895113 1461.041243 1076.609241 1729.725985 2341.826332 2042.576767 2197.525250 2712.597487 1270.703790 1576.829538 2127.760920 1924.073344 2512.763196 1763.672624 1620.621194 2287.456839 1753.904494 0.000000 2154.862396 1895.313054 2051.903541 1830.929974 2104.557991 1968.897835 2899.351277 1586.533359 1948.033780 2809.837739 435.532572 1492.962683 2503.664885 1110.012599 2662.425813 1897.907340 803.702381 468.609469 1291.777930 1282.756282 1936.889123 1689.689609 2567.248670 2299.262965 1553.015500 1519.642988 2705.102328 1430.550814 
343.161149 411.066036 575.504719 411.793326 1169.065266 962.055813 569.956501 1183.358757 309.271375 112.682938 368.054299 218.357259 836.667627 1163.902874 551.929072 375.530500 119.118142 222.093516 582.750383 1766.149217 955.496007 123.698847 581.137907 722.852940 396.409581 550.093720 365.236754 520.964384 2154.862396 0.000000 386.421964 428.748128 724.697357 198.157968 750.019254 761.794855 678.472359 304.700602 667.868321 1762.495472 1048.658788 399.733182 2402.330788 547.541726 259.506123 1648.177965 2368.675860 2381.921658 2095.619111 259.068760 468.499788 895.544727 305.097324 618.446125 651.477466 553.734091 724.661522 
729.569068 403.633893 923.097708 257.611844 1242.663177 1328.078156 956.327091 1085.209653 578.370305 498.557608 753.832476 604.741264 479.687935 1021.088685 607.683452 749.780346 282.867884 577.944762 947.315874 1741.137200 569.499952 460.276005 232.539171 678.468774 345.039667 461.436011 727.237778 151.309253 1895.313054 386.421964 0.000000 685.463851 869.186090 233.367784 416.912438 1114.145941 666.871092 483.984521 1018.784331 1478.825127 1071.402397 781.753155 2308.218220 777.357785 302.625906 1511.980601 2167.009010 2322.115372 2056.942024 404.380877 287.780931 800.822177 679.667196 508.466546 390.044612 894.019339 529.793030 
420.539330 839.042838 769.404573 815.324716 790.517544 1037.620680 562.562272 953.954677 120.419714 383.490576 407.165119 387.677746 989.522317 984.511195 323.531233 312.452698 443.904005 254.017235 726.722558 1432.840932 1186.415158 305.774771 916.745257 1151.416984 426.395099 490.391613 254.780487 758.121053 2051.903541 428.748128 685.463851 0.000000 334.398741 599.329837 1100.283890 907.897806 465.392065 205.974030 834.126140 1710.556983 719.080655 520.556619 2109.029807 900.276687 387.272616 1421.042392 2185.399896 2060.488270 1763.709728 282.841295 556.611794 1324.070875 299.107430 543.190618 723.247966 769.080316 697.654506 
751.613232 1118.260862 1099.659233 1059.549563 456.554247 1335.257533 864.807220 689.909964 430.476143 704.521303 734.988435 720.983000 1023.539197 756.317745 277.420048 635.441190 700.047099 584.791513 1051.665302 1101.944383 1260.397467 611.096688 1096.295700 1436.859706 532.358735 490.039534 579.206656 888.549668 1830.929974 724.697357 869.186090 334.398741 0.000000 859.058473 1278.203969 1227.694963 326.460314 428.291134 1159.394329 1534.380940 400.104259 850.636233 1786.609028 1230.239761 579.243100 1137.587994 1913.111799 1730.384369 1432.103500 498.310353 640.443156 1599.863154 631.752627 504.036522 743.771827 1101.272532 646.585781 
526.255631 264.343068 690.550514 217.916031 1281.459850 1097.730274 748.066513 1216.272320 479.560908 305.354049 554.850446 404.589153 712.209313 1173.812617 639.793300 572.313319 159.847531 418.937236 717.901647 1839.775538 792.101229 310.405726 391.129154 582.077928 414.992042 567.050736 563.390856 383.828972 2104.557991 198.157968 233.367784 599.329837 859.058473 0.000000 553.873621 881.657218 740.746758 432.202689 786.339026 1695.475423 1136.907742 564.473335 2445.354243 557.959010 298.718651 1666.163542 2353.867949 2441.794643 2164.514051 361.122659 430.426941 740.867189 502.237174 629.340102 585.193001 660.950359 697.216024 
1077.233958 501.470974 1177.562190 370.512067 1622.387882 1589.740455 1293.855848 1376.969812 989.712038 859.167036 1107.096364 957.600342 530.444695 1282.037547 1008.225587 1125.482298 674.009991 965.373186 1225.187851 2055.592566 406.586103 850.260789 184.385011 574.965527 746.354988 829.727725 1113.175314 402.406485 1968.897835 750.019254 416.912438 1100.283890 1278.203969 553.873621 0.000000 1361.749659 1041.707250 900.585209 1270.449740 1534.016959 1435.531280 1104.335259 2556.681384 926.050083 719.538192 1747.468492 2309.101139 2598.591860 2354.512478 820.829031 653.546321 599.300250 1055.110010 857.837237 652.786877 1141.576942 815.981396 
496.946515 863.297952 191.107301 996.840196 1667.167712 229.836860 376.281943 1852.770058 859.469029 673.983858 503.004403 585.489609 1588.342612 1865.075690 1199.050936 595.659947 880.560556 707.553804 187.338075 2327.367414 1668.459047 771.861228 1242.347019 980.306178 1137.940491 1278.787038 653.232983 1262.436121 2899.351277 761.794855 1114.145941 907.897806 1227.694963 881.657218 1361.749659 0.000000 1344.853436 957.218398 95.366438 2518.213518 1624.014254 399.152352 3013.765580 479.961855 1007.405606 2322.965240 3076.792763 2955.862405 2655.786662 962.507521 1227.341376 1144.552832 617.385268 1346.627741 1412.621785 222.681340 1472.580328 
847.964303 1002.659327 1184.966066 901.795327 580.939600 1494.137295 1021.710063 512.599155 485.870063 710.343109 844.513722 771.113761 712.797439 522.712090 146.330366 762.870629 603.143157 639.167139 1158.290037 1099.243631 959.766748 602.644086 870.587833 1314.456573 331.726385 212.001214 706.696131 639.366786 1586.533359 678.472359 666.871092 465.392065 326.460314 740.746758 1041.707250 1344.853436 0.000000 395.647871 1262.346398 1252.614881 404.941457 946.117755 1723.869868 1225.548202 444.186966 983.004409 1732.225409 1706.778455 1425.257133 419.980873 389.601385 1456.867723 728.891661 195.744421 439.549983 1175.731554 322.885153 
463.723613 689.978734 791.545761 639.022696 865.230334 1121.190028 660.839539 908.234186 127.358956 316.484961 466.176752 376.691375 793.544833 909.250700 256.426939 401.164364 272.508995 250.194806 769.905046 1465.093075 982.420124 209.508982 716.356945 1008.577380 232.418534 334.697465 351.996107 552.158515 1948.033780 304.700602 483.984521 205.974030 428.291134 432.202689 900.585209 957.218398 395.647871 0.000000 871.767825 1582.841653 745.749687 558.405934 2112.274011 840.843631 182.535610 1378.444827 2121.626080 2084.346480 1795.404542 79.861581 360.216021 1172.297513 352.079342 398.786036 537.758638 780.964527 541.928008 
416.849911 773.814863 95.839820 904.191323 1604.459001 319.295177 331.697465 1772.224478 778.545674 582.378596 426.993932 497.214941 1493.077921 1780.805310 1117.145581 524.138522 786.420131 623.405822 107.731259 2261.037209 1573.654655 682.124337 1148.552012 906.685739 1047.129998 1189.775771 580.998080 1167.082457 2809.837739 667.868321 1018.784331 834.126140 1159.394329 786.339026 1270.449740 95.366438 1262.346398 871.767825 0.000000 2426.394089 1552.682575 317.024602 2942.880233 407.100674 915.531605 2242.879366 2993.067138 2889.598481 2590.550080 873.694152 1134.400085 1075.642425 538.811692 1257.884238 1319.111122 129.061075 1381.645798 
2040.560989 1871.587233 2336.366013 1708.758688 1421.411818 2699.672556 2243.572022 901.690814 1701.720744 1844.252445 2046.939861 1935.644838 1031.442851 791.496076 1387.755868 1983.094242 1646.853854 1828.059108 2333.282818 1255.544359 1141.346527 1748.054507 1494.055155 2081.820980 1381.137137 1248.788605 1931.346852 1333.751367 435.532572 1762.495472 1478.825127 1710.556983 1534.380940 1695.475423 1534.016959 2518.213518 1252.614881 1582.841653 2426.394089 0.000000 1253.195573 2128.543828 1334.700510 2252.708535 1510.891162 735.538808 834.842467 1475.777297 1376.183353 1561.447653 1294.018666 2132.765839 1934.407261 1184.097376 1115.224747 2316.052977 1046.994861 
1139.449818 1400.775171 1488.242288 1305.857007 210.650914 1735.361773 1264.388236 352.834312 793.058002 1056.155187 1126.005335 1092.649247 1043.452615 467.983708 499.972405 1029.032040 990.560765 954.308230 1445.088478 720.642028 1300.299384 952.457618 1269.764902 1715.463700 735.407621 612.112796 971.826559 1034.229541 1492.962683 1048.658788 1071.402397 719.080655 400.104259 1136.907742 1435.531280 1624.014254 404.941457 745.749687 1552.682575 1253.195573 0.000000 1239.584229 1390.206789 1584.946895 838.189607 752.306048 1529.426202 1344.754139 1051.726002 793.064198 790.234842 1860.890061 1017.582135 577.732942 800.199351 1486.748955 647.468070 
100.335641 652.416756 249.091797 736.641928 1301.678328 572.538050 192.957023 1455.331136 461.590853 295.092903 116.900266 194.163980 1235.529604 1465.932928 800.590354 219.124861 516.574980 308.464492 212.188789 1952.200987 1350.891419 381.307033 953.637298 885.319052 747.769479 883.488329 272.539235 920.325939 2503.664885 399.733182 781.753155 520.556619 850.636233 564.473335 1104.335259 399.152352 946.117755 558.405934 317.024602 2128.543828 1239.584229 0.000000 2629.244433 465.901628 622.671264 1925.928168 2677.760103 2580.317603 2282.652833 567.807625 846.640029 1068.061193 222.588394 950.729703 1034.622322 252.266438 1081.551722 
2528.988669 2695.256251 2877.489915 2565.291755 1368.683325 3116.335455 2650.431626 1229.221889 2176.895288 2428.633513 2516.117676 2475.980437 2036.060118 1288.753537 1855.990279 2419.189633 2321.907913 2338.255347 2835.294610 707.420452 2249.904017 2321.749542 2439.904272 2986.686502 2031.887437 1878.307802 2362.024794 2210.927157 1110.012599 2402.330788 2308.218220 2109.029807 1786.609028 2445.354243 2556.681384 3013.765580 1723.869868 2112.274011 2942.880233 1334.700510 1390.206789 2629.244433 0.000000 2949.303177 2160.247560 809.241788 702.803246 213.232151 426.746272 2143.740710 2028.522874 3098.996413 2406.893222 1816.873492 1933.246407 2874.768923 1780.056936 
533.036416 429.198778 340.164121 587.586323 1685.928663 706.224121 619.340143 1730.547136 800.670479 529.502246 564.749336 514.798021 1251.781355 1706.492952 1095.235503 658.529531 639.127474 646.456169 420.868606 2305.271306 1277.285896 632.563073 839.690973 500.589320 934.772085 1090.905394 698.157482 927.120394 2662.425813 547.541726 777.357785 900.276687 1230.239761 557.959010 926.050083 479.961855 1225.548202 840.843631 407.100674 2252.708535 1584.946895 465.901628 2949.303177 0.000000 799.249854 2193.783487 2902.925694 2925.147981 2635.912029 805.585863 980.104288 668.667875 626.277192 1158.102019 1142.842864 302.097273 1246.800809 
542.626294 562.765401 826.136038 482.514001 985.796804 1195.093395 762.580366 934.503022 290.103800 333.430436 556.066970 428.507827 640.523486 907.424305 342.115438 518.489358 161.887931 343.470761 823.164181 1543.275189 810.668535 242.474883 535.160866 879.032902 136.990174 292.017868 480.957165 373.639217 1897.907340 259.506123 302.625906 387.272616 579.243100 298.718651 719.538192 1007.405606 444.186966 182.535610 915.531605 1510.891162 838.189607 622.671264 2160.247560 799.249854 0.000000 1394.854425 2109.581857 2149.647281 1869.402433 104.543815 224.689031 1031.670179 455.216872 359.878305 413.162079 807.387278 467.432772 
1826.612817 1906.894125 2167.342669 1769.583138 841.523647 2457.946693 1982.815779 470.813846 1464.342238 1691.212964 1820.179476 1754.058476 1227.764863 492.839762 1126.492875 1731.746847 1556.066810 1621.056872 2137.615272 520.039444 1447.517236 1583.604602 1633.149285 2189.097288 1260.713145 1104.457147 1674.233319 1407.262378 803.702381 1648.177965 1511.980601 1421.042392 1137.587994 1666.163542 1747.468492 2322.965240 983.004409 1378.444827 2242.879366 735.538808 752.306048 1925.928168 809.241788 2193.783487 1394.854425 0.000000 777.284850 869.894361 684.943394 1395.533740 1239.954763 2294.964373 1705.592473 1038.843666 1130.141778 2158.667228 982.216638 
2580.071029 2570.641801 2912.901729 2417.963515 1604.128635 3222.677036 2747.893218 1232.174142 2218.082562 2425.507197 2576.613566 2497.950748 1782.079285 1212.377337 1878.368262 2492.559321 2265.818507 2369.788239 2889.928411 1086.456866 1939.300348 2319.398311 2236.355590 2821.106634 1972.609848 1818.775452 2435.560242 2038.545782 468.609469 2368.675860 2167.009010 2185.399896 1913.111799 2353.867949 2309.101139 3076.792763 1732.225409 2121.626080 2993.067138 834.842467 1529.426202 2677.760103 702.803246 2902.925694 2109.581857 777.284850 0.000000 906.884301 984.276614 2127.446061 1924.467149 2897.366860 2461.060637 1750.286518 1777.669122 2900.823742 1657.216119 
2480.718151 2697.986669 2829.404501 2576.759698 1291.831477 3044.432361 2586.351072 1237.103308 2137.802039 2398.476604 2465.169569 2437.401415 2089.237527 1317.280351 1830.466028 2365.815603 2309.756320 2299.058474 2781.889100 628.588197 2315.599528 2293.214835 2470.312612 2998.299212 2026.823394 1877.337985 2309.544452 2236.083693 1291.777930 2381.921658 2322.115372 2060.488270 1730.384369 2441.794643 2598.591860 2955.862405 1706.778455 2084.346480 2889.598481 1475.777297 1344.754139 2580.317603 213.232151 2925.147981 2149.647281 869.894361 906.884301 0.000000 302.402131 2122.995547 2037.126629 3120.419191 2359.595091 1819.851284 1959.742721 2829.544526 1801.162019 
2183.355632 2423.701510 2531.717993 2308.692171 990.270486 2742.399457 2285.394060 979.134340 1844.063236 2107.676569 2167.088896 2143.229699 1859.581871 1075.743130 1543.709833 2067.224345 2027.997947 2004.925809 2482.892422 331.284956 2096.737893 2003.373811 2217.099503 2728.900157 1750.496091 1604.580013 2011.250863 1980.015196 1282.756282 2095.619111 2056.942024 1763.709728 1432.103500 2164.514051 2354.512478 2655.786662 1425.257133 1795.404542 2590.550080 1376.183353 1051.726002 2282.652833 426.746272 2635.912029 1869.402433 684.943394 984.276614 302.402131 0.000000 1837.379163 1769.845925 2857.577391 2062.681173 1550.211979 1706.901058 2532.669905 1545.408038 
479.303169 622.682204 788.806062 563.185715 924.611808 1138.227400 689.936433 928.077220 187.982793 298.080350 487.466701 377.019856 732.828327 916.925334 293.974656 436.515789 203.572538 268.692143 775.714340 1508.389329 912.158579 192.465575 636.649189 941.532616 185.328859 316.281022 393.451444 477.474783 1936.889123 259.068760 404.380877 282.841295 498.310353 361.122659 820.829031 962.507521 419.980873 79.861581 873.694152 1561.447653 793.064198 567.807625 2143.740710 805.585863 104.543815 1395.533740 2127.446061 2122.995547 1837.379163 0.000000 303.906528 1101.954951 378.785759 384.210219 488.753805 774.440681 514.761952 
767.306219 667.609738 1043.212516 539.662217 970.430227 1418.704906 986.406828 801.497140 485.916824 554.820056 780.363680 652.541519 433.676673 747.123071 363.580103 738.386151 353.401189 565.681519 1044.655273 1453.377529 637.070421 467.143831 480.992204 961.195711 130.240004 178.310213 697.068058 252.704652 1689.689609 468.499788 287.780931 556.611794 640.443156 430.426941 653.546321 1227.341376 389.601385 360.216021 1134.400085 1294.018666 790.234842 846.640029 2028.522874 980.104288 224.689031 1239.954763 1924.467149 2037.126629 1769.845925 303.906528 0.000000 1088.445907 677.392089 220.705500 188.480079 1022.180738 267.251381 
1096.298483 485.303284 1006.194416 555.084378 2017.216608 1364.991276 1250.886602 1883.448083 1204.072567 961.616110 1131.541470 1016.349007 1115.780988 1810.455993 1372.951127 1198.295846 899.918762 1100.229477 1082.873484 2541.752984 1002.184903 1019.094900 665.499777 183.225183 1125.509499 1258.980914 1215.387587 888.131741 2567.248670 895.544727 800.822177 1324.070875 1599.863154 740.867189 599.300250 1144.552832 1456.867723 1172.297513 1075.642425 2132.765839 1860.890061 1068.061193 3098.996413 668.667875 1031.670179 2294.964373 2897.366860 3120.419191 2857.577391 1101.954951 1088.445907 0.000000 1140.710899 1308.955640 1165.782585 967.291331 1320.438320 
122.255068 675.350539 470.680512 709.992446 1085.800752 769.901696 311.243754 1235.402457 243.053175 198.391336 115.724326 124.928202 1093.018218 1250.798948 582.692702 70.626711 396.845389 111.793239 432.465162 1731.887554 1241.308700 222.988097 885.145843 959.181703 564.080466 685.645453 75.728260 799.439642 2299.262965 305.097324 679.667196 299.107430 631.752627 502.237174 1055.110010 617.385268 728.891661 352.079342 538.811692 1934.407261 1017.582135 222.588394 2406.893222 626.277192 455.216872 1705.592473 2461.060637 2359.595091 2062.681173 378.785759 677.392089 1140.710899 0.000000 750.656955 864.967191 470.004859 890.495868 
859.391978 879.282486 1172.455657 758.485946 767.573718 1518.423649 1059.480487 587.698262 518.708827 679.391217 863.994141 761.154907 520.995187 548.681528 246.316431 799.176016 518.993342 645.834726 1159.696571 1232.798245 764.902438 576.066085 693.400428 1179.151281 223.392679 68.685422 748.135351 456.653499 1553.015500 618.446125 508.466546 543.190618 504.036522 629.340102 857.837237 1346.627741 195.744421 398.786036 1257.884238 1184.097376 577.732942 950.729703 1816.873492 1158.102019 359.878305 1038.843666 1750.286518 1819.851284 1550.211979 384.210219 220.705500 1308.955640 750.656955 0.000000 244.406243 1157.023035 156.138200 
955.785000 793.356377 1226.980276 644.962048 999.335514 1606.326633 1174.549308 727.774907 665.018060 741.835839 968.733190 840.625697 280.474630 645.081882 473.537099 924.918194 533.857767 753.399168 1231.056491 1403.659335 520.496434 655.593318 510.814486 1060.584491 306.006297 256.113306 882.052504 277.682407 1519.642988 651.477466 390.044612 723.247966 743.771827 585.193001 652.786877 1412.621785 439.549983 537.758638 1319.111122 1115.224747 800.199351 1034.622322 1933.246407 1142.842864 413.162079 1130.141778 1777.669122 1959.742721 1706.901058 488.753805 188.480079 1165.782585 864.967191 244.406243 0.000000 1204.647555 163.201521 
349.762806 645.890766 39.247602 775.130327 1553.535287 448.261991 342.392264 1687.990639 699.221251 477.660545 369.164951 404.618193 1370.319423 1688.862410 1032.579428 471.323008 670.796468 539.066084 119.824743 2201.892389 1445.981624 582.004248 1019.782857 793.714523 941.559811 1088.466245 524.607209 1043.247984 2705.102328 553.734091 894.019339 769.080316 1101.272532 660.950359 1141.576942 222.681340 1175.731554 780.964527 129.061075 2316.052977 1486.748955 252.266438 2874.768923 302.097273 807.387278 2158.667228 2900.823742 2829.544526 2532.669905 774.440681 1022.180738 967.291331 470.004859 1157.023035 1204.647555 0.000000 1274.804114 
994.063332 926.689192 1293.155909 787.404825 851.327808 1652.872987 1201.276193 566.460688 665.827710 799.346764 1001.529358 888.829174 400.505265 491.690564 400.782401 942.845873 614.431756 782.454779 1286.961867 1240.703081 655.275637 701.336854 671.698072 1207.583110 334.643070 209.163157 893.800349 435.182153 1430.550814 724.661522 529.793030 697.654506 646.585781 697.216024 815.981396 1472.580328 322.885153 541.928008 1381.645798 1046.994861 647.468070 1081.551722 1780.056936 1246.800809 467.432772 982.216638 1657.216119 1801.162019 1545.408038 514.761952 267.251381 1320.438320 890.495868 156.138200 163.201521 1274.804114 0.000000 
